0000000000000000: 00000002 00000000 00010000 0001 01 11346286 @titan-pipe-1-fingerprint
0000000000000000: 00000002 00000000 00010000 0005 01 11362131 @titan-process-worker-server-1-29270
0000000000000000: 00000002 00000000 00010000 0001 01 11340142 @titan-pipe-1-camera:name=camera0
0000000000000000: 00000002 00000000 00010000 0001 01 11344567 @titan-pipe-1-camera:name=camera1
0000000000000000: 00000002 00000000 00010000 0005 01 11363602 @titan-process-worker-server-1-29092
0000000000000000: 00000002 00000000 00010000 0001 01 11344553 @titan-pipe-1-network
0000000000000000: 00000002 00000000 00010000 0005 01 11590309 @titan-process-worker-server-1-13073
0000000000000000: 00000002 00000000 00010000 0001 01 11345267 @titan-pipe-1-hw-control
0000000000000000: 00000002 00000000 00010000 0001 01 11340141 @titan-pipe-1-crash
0000000000000000: 00000002 00000000 00010000 0005 01 11359939 @titan-process-worker-server-1-28724
0000000000000000: 00000002 00000000 00010000 0005 01 11357446 @titan-process-worker-server-1-28625
0000000000000000: 00000002 00000000 00010000 0005 01 11353153 @titan-process-worker-server-1-28418
0000000000000000: 00000002 00000000 00010000 0005 01 11352948 @titan-process-worker-server-1-28648
0000000000000000: 00000002 00000000 00010000 0005 01 11352055 @titan-process-worker-server-1-28549
0000000000000000: 00000002 00000000 00010000 0005 01 11352742 @titan-process-worker-server-1-28538
0000000000000000: 00000002 00000000 00010000 0005 01 11350947 @titan-process-worker-server-1-28428
0000000000000000: 00000002 00000000 00010000 0001 01 11340136 @titan-pipe-1-sensors
0000000000000000: 00000002 00000000 00010000 0005 01 11352934 @titan-process-worker-server-1-28618
0000000000000000: 00000002 00000000 00010000 0005 01 11345373 @titan-process-worker-server-1-28339
0000000000000000: 00000002 00000000 00010000 0005 01 11357452 @titan-process-worker-server-1-28628
0000000000000000: 00000002 00000000 00010000 0005 01 11352932 @titan-process-worker-server-1-28617
0000000000000000: 00000002 00000000 00010000 0005 01 11347335 @titan-process-worker-server-1-28547
0000000000000000: 00000002 00000000 00010000 0005 01 11347334 @titan-process-worker-server-1-28536
0000000000000000: 00000002 00000000 00010000 0005 01 11347172 @titan-process-worker-server-1-28448
0000000000000000: 00000002 00000000 00010000 0005 01 11350338 @titan-process-worker-server-1-28349
0000000000000000: 00000002 00000000 00010000 0005 01 11363251 @titan-process-worker-server-1-29817
0000000000000000: 00000002 00000000 00010000 0005 01 11358132 @titan-process-worker-server-1-29718
0000000000000000: 00000002 00000000 00010000 0005 01 11566116 @titan-process-worker-server-1-11624
0000000000000000: 00000002 00000000 00010000 0005 01 11388542 @titan-process-worker-server-1-31765
0000000000000000: 00000002 00000000 00010000 0005 01 11361352 @titan-process-worker-server-1-28704
0000000000000000: 00000002 00000000 00010000 0005 01 11358317 @titan-process-worker-server-1-28605
0000000000000000: 00000002 00000000 00010000 0005 01 11598991 @titan-process-worker-server-1-13558
0000000000000000: 00000002 00000000 00010000 0005 01 11566114 @titan-process-worker-server-1-11616
0000000000000000: 00000002 00000000 00010000 0005 01 11355078 @titan-process-worker-server-1-28603
0000000000000000: 00000002 00000000 00010000 0005 01 11347298 @titan-process-worker-server-1-28504
0000000000000000: 00000002 00000000 00010000 0005 01 11353199 @titan-process-worker-server-1-28432
0000000000000000: 00000002 00000000 00010000 0005 01 11352269 @titan-process-worker-server-1-28410
0000000000000000: 00000002 00000000 00010000 0005 01 11600201 @titan-process-worker-server-1-13457
0000000000000000: 00000002 00000000 00010000 0005 01 11388286 @titan-process-worker-server-1-31673
0000000000000000: 00000002 00000000 00010000 0005 01 11385232 @titan-process-worker-server-1-31662
0000000000000000: 00000002 00000000 00010000 0005 01 11351171 @titan-process-worker-server-1-28310
0000000000000000: 00000002 00000000 00010000 0005 01 11563867 @titan-process-worker-server-1-11573
0000000000000000: 00000002 00000000 00010000 0005 01 11598970 @titan-process-worker-server-1-13444
0000000000000000: 00000002 00000000 00010000 0005 01 11401940 @titan-process-worker-server-1-32409
0000000000000000: 00000002 00000000 00010000 0005 01 11365963 @titan-process-worker-server-1-30616
0000000000000000: 00000002 00000000 00010000 0005 01 11352345 @titan-process-worker-server-1-28422
0000000000000000: 00000002 00000000 00010000 0005 01 11350259 @titan-process-worker-server-1-28341
0000000000000000: 00000002 00000000 00010000 0005 01 11345348 @titan-process-worker-server-1-28312
0000000000000000: 00000002 00000000 00010000 0005 01 11293672 @titan-process-worker-server-1-28305
0000000000000000: 00000002 00000000 00010000 0005 01 11600220 @titan-process-worker-server-1-13551
0000000000000000: 00000002 00000000 00010000 0005 01 11596044 @titan-process-worker-server-1-13465
0000000000000000: 00000002 00000000 00010000 0005 01 11566841 @titan-process-worker-server-1-11782
0000000000000000: 00000002 00000000 00010000 0005 01 11354791 @titan-process-worker-server-1-28544
0000000000000000: 00000002 00000000 00010000 0005 01 11352450 @titan-process-worker-server-1-28436
0000000000000000: 00000002 00000000 00010000 0005 01 11350257 @titan-process-worker-server-1-28337
0000000000000000: 00000002 00000000 00010000 0005 01 11350098 @titan-process-worker-server-1-28302
0000000000000000: 00000002 00000000 00010000 0005 01 11598974 @titan-process-worker-server-1-13453
0000000000000000: 00000002 00000000 00010000 0005 01 11347169 @titan-process-worker-server-1-28446
0000000000000000: 00000002 00000000 00010000 0005 01 11350941 @titan-process-worker-server-1-28424
0000000000000000: 00000002 00000000 00010000 0005 01 11345353 @titan-process-worker-server-1-28314
0000000000000000: 00000002 00000000 00010000 0005 01 11600296 @titan-process-worker-server-1-13575
0000000000000000: 00000002 00000000 00010000 0005 01 11598979 @titan-process-worker-server-1-13476
0000000000000000: 00000002 00000000 00010000 0005 01 11349344 @titan-process-worker-server-1-28632
0000000000000000: 00000002 00000000 00010000 0005 01 11352272 @titan-process-worker-server-1-28416
0000000000000000: 00000002 00000000 00010000 0005 01 11350256 @titan-process-worker-server-1-28335
0000000000000000: 00000002 00000000 00010000 0005 01 11345266 @titan-process-worker-server-1-28146
0000000000000000: 00000002 00000000 00010000 0005 01 11596189 @titan-process-worker-server-1-13521
0000000000000000: 00000002 00000000 00010000 0005 01 11349089 @titan-process-worker-server-1-28444
0000000000000000: 00000002 00000000 00010000 0005 01 11351020 @titan-process-worker-server-1-28433
0000000000000000: 00000002 00000000 00010000 0005 01 11354125 @titan-process-worker-server-1-28426
0000000000000000: 00000002 00000000 00010000 0005 01 11354325 @titan-process-worker-server-1-28463
0000000000000000: 00000002 00000000 00010000 0005 01 11357189 @titan-process-worker-server-1-28552
0000000000000000: 00000002 00000000 00010000 0005 01 11354478 @titan-process-worker-server-1-28475
0000000000000000: 00000002 00000000 00010000 0005 01 11349095 @titan-process-worker-server-1-28453
0000000000000000: 00000002 00000000 00010000 0005 01 11349113 @titan-process-worker-server-1-28465
0000000000000000: 00000002 00000000 00010000 0005 01 11356280 @titan-process-worker-server-1-28484
0000000000000000: 00000002 00000000 00010000 0005 01 11345649 @titan-process-worker-server-1-28385
0000000000000000: 00000002 00000000 00010000 0005 01 11362091 @titan-process-worker-server-1-29066
0000000000000000: 00000002 00000000 00010000 0005 01 11353385 @titan-process-worker-server-1-28472
0000000000000000: 00000002 00000000 00010000 0005 01 11350088 @titan-process-worker-server-1-28274
0000000000000000: 00000002 00000000 00010000 0005 01 11355139 @titan-process-worker-server-1-28460
0000000000000000: 00000002 00000000 00010000 0005 01 11363637 @titan-process-worker-server-1-29370
0000000000000000: 00000002 00000000 00010000 0005 01 11356406 @titan-process-worker-server-1-28560
0000000000000000: 00000002 00000000 00010000 0005 01 11354310 @titan-process-worker-server-1-28452
0000000000000000: 00000002 00000000 00010000 0005 01 11346777 @titan-process-worker-server-1-28353
0000000000000000: 00000002 00000000 00010000 0005 01 11363610 @titan-process-worker-server-1-29188
0000000000000000: 00000002 00000000 00010000 0005 01 11354668 @titan-process-worker-server-1-28495
0000000000000000: 00000002 00000000 00010000 0001 01 11346285 @titan-pipe-1-input-gpio-keys
0000000000000000: 00000002 00000000 00010000 0005 01 11364341 @titan-process-worker-server-1-29857
0000000000000000: 00000002 00000000 00010000 0005 01 11353533 @titan-process-worker-server-1-28498
0000000000000000: 00000002 00000000 00010000 0005 01 11355060 @titan-process-worker-server-1-28596
0000000000000000: 00000002 00000000 00010000 0005 01 11637487 @titan-process-worker-server-1-16898
0000000000000000: 00000002 00000000 00010000 0005 01 11356597 @titan-process-worker-server-1-29745
0000000000000000: 00000002 00000000 00010000 0005 01 11362071 @titan-process-worker-server-1-28997
0000000000000000: 00000002 00000000 00010000 0005 01 11362064 @titan-process-worker-server-1-28984
0000000000000000: 00000002 00000000 00010000 0005 01 11347268 @titan-process-worker-server-1-28489
0000000000000000: 00000002 00000000 00010000 0005 01 11356176 @titan-process-worker-server-1-28467
0000000000000000: 00000002 00000000 00010000 0005 01 11340653 @titan-process-worker-server-1-28368
0000000000000000: 00000002 00000000 00010000 0005 01 11349494 @titan-process-worker-server-1-29348
0000000000000000: 00000002 00000000 00010000 0005 01 11356421 @titan-process-worker-server-1-28589
0000000000000000: 00000002 00000000 00010000 0005 01 11354981 @titan-process-worker-server-1-28567
0000000000000000: 00000002 00000000 00010000 0005 01 11354507 @titan-process-worker-server-1-28479
0000000000000000: 00000002 00000000 00010000 0005 01 11353290 @titan-process-worker-server-1-28457
0000000000000000: 00000002 00000000 00010000 0005 01 11362188 @titan-process-worker-server-1-29468
0000000000000000: 00000002 00000000 00010000 0005 01 11347265 @titan-process-worker-server-1-28487
0000000000000000: 00000002 00000000 00010000 0005 01 11354407 @titan-process-worker-server-1-28469
0000000000000000: 00000002 00000000 00010000 0005 01 11355056 @titan-process-worker-server-1-28587
0000000000000000: 00000002 00000000 00010000 0005 01 11353771 @titan-process-worker-server-1-28558
0000000000000000: 00000002 00000000 00010000 0005 01 11354489 @titan-process-worker-server-1-28477
0000000000000000: 00000002 00000000 00010000 0001 01 11346297 @titan-pipe-1-camera
0000000000000000: 00000002 00000000 00010000 0001 01 11346284 @titan-pipe-1-input-qwerty
0000000000000000: 00000002 00000000 00010000 0005 01 11544998 @titan-process-worker-server-1-9706
0000000000000000: 00000002 00000000 00010000 0005 01 11533672 @titan-process-worker-server-1-8917
0000000000000000: 00000002 00000000 00010000 0005 01 11534654 @titan-process-worker-server-1-8876
0000000000000000: 00000002 00000000 00010000 0005 01 11535762 @titan-process-worker-server-1-9299
0000000000000000: 00000002 00000000 00010000 0005 01 11527665 @titan-process-worker-server-1-8541
0000000000000000: 00000002 00000000 00010000 0005 01 11527667 @titan-process-worker-server-1-8546
0000000000000000: 00000002 00000000 00010000 0005 01 11533669 @titan-process-worker-server-1-8913
0000000000000000: 00000002 00000000 00010000 0005 01 11525919 @titan-process-worker-server-1-8516
0000000000000000: 00000002 00000000 00010000 0001 01 11345265 @titan-pipe-1-ipc
0000000000000000: 00000002 00000000 00010000 0001 01 11293639 @titan-pipe-1-gsm
0000000000000000: 00000002 00000000 00010000 0005 01 11293646 @titan-pipe-1-framebuffer
0000000000000000: 00000002 00000000 00010000 0001 01 11349084 @titan-pipe-1-gps
0000000000000000: 00000002 00000000 00010000 0005 01 11411844 @titan-process-worker-server-1-902
0000000000000000: 00000002 00000000 00010000 0005 01 11411959 @titan-process-worker-server-1-958
0000000000000000: 00000002 00000000 00010000 0005 01 11413773 @titan-process-worker-server-1-920
0000000000000000: 00000002 00000000 00000000 0002 01 11340322 @titan-1-process-monitor
0000000000000000: 00000002 00000000 00010000 0001 01 11344568 @titan-pipe-1-activity
0000000000000000: 00000003 00000000 00000000 0005 03 11340320 @titan-pipe-1-framebuffer
0000000000000000: 00000003 00000000 00000000 0001 03 11350084 @titan-pipe-1-input-qwerty
0000000000000000: 00000003 00000000 00000000 0001 03 11350085 @titan-pipe-1-network
0000000000000000: 00000003 00000000 00000000 0001 03 11357555 @titan-pipe-1-gsm
0000000000000000: 00000003 00000000 00000000 0001 03 11293662 @titan-pipe-1-ipc
0000000000000000: 00000003 00000000 00000000 0001 03 11363544 @titan-pipe-1-activity
0000000000000000: 00000003 00000000 00000000 0001 03 11372929 @titan-pipe-1-ipc
0000000000000000: 00000003 00000000 00000000 0001 03 11293661 @titan-pipe-1-ipc
0000000000000000: 00000003 00000000 00000000 0001 03 11345301 @titan-pipe-1-ipc
0000000000000000: 00000003 00000000 00000000 0001 03 11374160 @titan-pipe-1-ipc
0000000000000000: 00000003 00000000 00000000 0001 03 11345302 @titan-pipe-1-ipc
0000000000000000: 00000003 00000000 00000000 0001 03 11293664 @titan-pipe-1-ipc
0000000000000000: 00000003 00000000 00000000 0001 03 11347763 @titan-pipe-1-gps
0000000000000000: 00000003 00000000 00000000 0001 03 11293663 @titan-pipe-1-ipc
0000000000000000: 00000003 00000000 00000000 0001 03 11352622 @titan-pipe-1-sensors
0000000000000000: 00000003 00000000 00000000 0001 03 11515100 @titan-pipe-1-ipc
0000000000000000: 00000003 00000000 00000000 0001 03 11347633 @titan-pipe-1-fingerprint
0000000000000000: 00000003 00000000 00000000 0001 03 11293665 @titan-pipe-1-ipc
0000000000000000: 00000003 00000000 00000000 0001 03 11345303 @titan-pipe-1-ipc
0000000000000000: 00000003 00000000 00000000 0001 03 11345304 @titan-pipe-1-hw-control
0000000000000000: 00000003 00000000 00000000 0001 03 11347305 @titan-pipe-1-camera
0000000000000000: 00000003 00000000 00000000 0001 03 11363548 @titan-pipe-1-hw-control
0000000000000000: 00000003 00000000 00000000 0001 03 11340321 @titan-pipe-1-input-gpio-keys
