Num       RefCount Protocol Flags    Type St Inode Path
0xb1321290: 00000001 00000000 00000000 0005 03   196
0xb2f4d790: 00000001 00000000 00000000 0005 03   682
0xb042e010: 00000001 00000000 00000000 0002 03     9
0xb0e94a10: 00000001 00000000 00000000 0002 03   141
0xb1288a10: 00000001 00000000 00000000 0005 03   187
0xb042e510: 00000001 00000000 00000000 0002 03    17
0xb048e010: 00000002 00000000 00010000 0001 01    340xb200aa10: 00000001 00000000 00000000 0005 03   981
0xb0e34a10: 00000001 00000000 00000000 0002 03   119
0xb1288010: 00000001 00000000 00000000 0005 03   183
0xb3183290: 00000001 00000000 00000000 0005 03   881
0xb0785290: 00000001 00000000 00000000 0002 03    53
0xb1218a10: 00000001 00000000 00000000 0005 03   178
0xb2f4dc90: 00000001 00000000 00000000 0005 03   664
0xb19f3510: 00000001 00000000 00000000 0002 03   293
0xb1ba1010: 00000002 00000000 00000000 0005 03    750xb1288510: 00000001 00000000 00000000 0005 03   186
0xb16f4290: 00000001 00000000 00000000 0002 03   231
0xb048e510: 00000001 00000000 00000000 0002 03    42
0xb0ed4010: 00000001 00000000 00000000 0002 03   161
0xb1ae8290: 00000001 00000000 00000000 0005 03   319
0xb2eec290: 00000001 00000000 00000000 0005 03   670
0xb1da7510: 00000001 00000000 00000000 0005 03   902
0xb0f14010: 00000001 00000000 00000000 0002 03   132
0xb1c7f790: 00000001 00000000 00000000 0005 03   396
0xb106b510: 00000001 00000000 00000000 0005 03   176
0xb0de6a10: 00000001 00000000 00010000 0005 01   1160xb19e2a10: 00000002 00000000 00000000 0001 03   308
0xb2dd6a10: 00000001 00000000 00000000 0005 03   601
0xb356e010: 00000001 00000000 00000000 0002 03   704
0xb12d9a10: 00000001 00000000 00000000 0002 03   226
0xb0b80010: 00000001 00000000 00000000 0002 03    92
0xb2586290: 00000001 00000000 00000000 0005 03   669
0xb0a91010: 00000002 00000000 00000000 0001 03    86
0xb1289010: 00000001 00000000 00000000 0005 03   184
0xb1ad1510: 00000001 00000000 00000000 0001 03   424 @bin.mt.plus-425868
0xb19b2010: 00000001 00000000 00000000 0005 03   281
0xb0ce7510: 00000002 00000000 00000000 0001 03   160
0xb259e010: 00000001 00000000 00000000 0005 03   899
0xb1289510: 00000001 00000000 00000000 0005 03   185
0xb1259a10: 00000002 00000000 00000000 0001 03    340xb0e3dc90: 00000002 00000000 00000000 0002 03   120
0xb12b9510: 00000002 00000000 00000000 0001 03    300xb19b2510: 00000001 00000000 00000000 0005 03   282
0xb19e2010: 00000001 00000000 00000000 0001 03   290
0xb163e010: 00000001 00000000 00000000 0005 03   612
0xb02f2c90: 00000001 00000000 00000000 0005 03     4
0xb1b73510: 00000001 00000000 00000000 0005 03   348
0xb0a4a290: 00000001 00000000 00000000 0005 03    80
0xb163e510: 00000001 00000000 00000000 0005 03   605
0xb02f2790: 00000001 00000000 00000000 0005 03     3
0xb163ea10: 00000001 00000000 00000000 0005 03   679
0xb05c5790: 00000001 00000000 00010000 0001 01    330xb1ada790: 00000001 00000000 00000000 0005 03   679
0xb2fbf290: 00000002 00000000 00000000 0001 03   928
0xb125aa10: 00000001 00000000 00000000 0005 03   927
0xb035a510: 00000001 00000000 00000000 0002 03    39
0xb2405290: 00000001 00000000 00000000 0005 03   544
0xb0e17010: 00000001 00000000 00010000 0005 01   1180xb1a53510: 00000001 00000000 00000000 0005 03   425
0xb1089a10: 00000001 00000000 00000000 0001 03   169
0xb1607290: 00000002 00000000 00000000 0001 03   222
0xb1a53010: 00000001 00000000 00000000 0005 03   425
0xb035a010: 00000002 00000000 00000000 0005 03     4
0xb03f2790: 00000002 00000000 00000000 0002 01     70xb1abb290: 00000001 00000000 00000000 0005 03   307
0xb049d010: 00000001 00000000 00000000 0002 03    27
0xb1089010: 00000001 00000000 00000000 0002 03   168
0xb1a7bc90: 00000001 00000000 00000000 0005 03   418
0xb03f2290: 00000002 00000000 00010000 0001 01     50xb1809c90: 00000001 00000000 00000000 0002 03   251
0xb1abb790: 00000001 00000000 00000000 0005 03   392
0xb1f96510: 00000001 00000000 00000000 0005 03   420
0xb1aa3510: 00000001 00000000 00000000 0005 03   426
0xb1335290: 00000001 00000000 00000000 0005 03   195
0xb186e790: 00000002 00000000 00000000 0001 03   252 @com.android.internal.os.WebViewZygoteInit/88910f38-8d5e-4fc7-9eca-71dac0e16883
0xb1ed8c90: 00000001 00000000 00000000 0005 03   420
0xb2e58790: 00000001 00000000 00000000 0005 03   976
0xb195f790: 00000001 00000000 00000000 0005 03   272
0xb013f010: 00000002 00000000 00000000 0001 03  1059
0xb0482c90: 00000002 00000000 00010000 0001 01    300xb199fc90: 00000002 00000000 00000000 0005 03   298
0xb0907510: 00000001 00000000 00000000 0002 03    68
0xb1355290: 00000001 00000000 00000000 0002 03   216
0xb195f290: 00000001 00000000 00000000 0005 03   271
0xb137d010: 00000002 00000000 00000000 0002 01   2890xb2de3a10: 00000001 00000000 00000000 0002 03   663
0xb2e40010: 00000001 00000000 00000000 0005 03   982
0xb1b35510: 00000001 00000000 00000000 0002 03   344
0xb1f49290: 00000001 00000000 00000000 0005 03   602
0xb0886010: 00000001 00000000 00000000 0002 03    61
0xb195fc90: 00000001 00000000 00000000 0005 03   275
0xb2f01a10: 00000002 00000000 00010000 0001 01   6710xb128c010: 00000001 00000000 00000000 0005 03   188
0xb0482290: 00000001 00000000 00000000 0001 03    44
0xb0a04a10: 00000001 00000000 00000000 0002 03   114
0xb199f290: 00000001 00000000 00000000 0005 03   291
0xb1ae4510: 00000001 00000000 00000000 0005 03   321
0xb2ea8290: 00000001 00000000 00000000 0005 03   669
0xb2e40a10: 00000001 00000000 00000000 0005 03   901
0xb137da10: 00000001 00000000 00000000 0001 03    28 @xxyfjnhwxhoaoa
0xb0294790: 00000001 00000000 00000000 0002 03    55
0xb199f790: 00000001 00000000 00000000 0005 03   291
0xb1ae4010: 00000001 00000000 00000000 0005 03   348
0xb1b3c290: 00000002 00000000 00000000 0005 03   353
0xb34f3c90: 00000001 00000000 00000000 0001 03  1058
0xb0e39290: 00000001 00000000 00000000 0002 03   143
0xb1936010: 00000001 00000000 00000000 0002 03   265
0xb27c8a10: 00000001 00000000 00000000 0002 03   925
0xb08f7a10: 00000001 00000000 00010000 0005 01    740xb0e49290: 00000001 00000000 00000000 0002 03   122
0xb1ad5a10: 00000001 00000000 00000000 0005 03   320
0xb3027790: 00000001 00000000 00000000 0002 03   897
0xb0a85010: 00000001 00000000 00000000 0002 03    82
0xb1936a10: 00000001 00000000 00000000 0002 03   276
0xb095ec90: 00000002 00000000 00010000 0005 01    750xb0a95010: 00000001 00000000 00000000 0002 03   292
0xb0a05a10: 00000002 00000000 00010000 0005 01    85 @jdwp-control
0xb1da2010: 00000001 00000000 00000000 0005 03   675
0xb0dd2010: 00000002 00000000 00000000 0005 03   112
0xb2dda290: 00000001 00000000 00000000 0005 03   602
0xb1266790: 00000002 00000000 00000000 0001 03    320xb0de9c90: 00000001 00000000 00000000 0002 03   115
0xb0eeac90: 00000001 00000000 00000000 0002 03   151
0xb1a96a10: 00000002 00000000 00000000 0005 03   306
0xb30dca10: 00000002 00000000 00000000 0001 03   845
0xb189cc90: 00000001 00000000 00000000 0001 03   921
0xb1195c90: 00000001 00000000 00000000 0001 03    28 @xxyfjnhwxhoaoa
0xb35c9a10: 00000001 00000000 00000000 0001 03  1058
0xb1874010: 00000002 00000000 00010000 0001 01   252 @com.android.internal.os.WebViewZygoteInit/88910f38-8d5e-4fc7-9eca-71dac0e16883
0xb2337790: 00000001 00000000 00000000 0002 03   610
0xb1317790: 00000001 00000000 00000000 0005 03   196
0xb2d51010: 00000001 00000000 00000000 0005 03   980
0xb1a96010: 00000002 00000000 00000000 0005 03   306
0xb1b37a10: 00000001 00000000 00000000 0005 03   926
0xb3387290: 00000001 00000000 00000000 0005 03   899
0xb0a06a10: 00000001 00000000 00000000 0002 03    78
0xb2ffb790: 00000001 00000000 00000000 0002 03   683
0xb0397290: 00000001 00000000 00000000 0002 03    10
0xb0ee2510: 00000001 00000000 00000000 0002 03   123
0xb1266c90: 00000001 00000000 00000000 0005 03   184
0xb0de9290: 00000002 00000000 00000000 0005 03     60xb0eea290: 00000001 00000000 00000000 0002 03   130
0xb1ca8790: 00000001 00000000 00000000 0005 03   900
0xb08d4010: 00000001 00000000 00000000 0002 03    66
0xb1a96510: 00000002 00000000 00000000 0001 03   305
0xb1ae6010: 00000001 00000000 00000000 0005 03   347
0xb092c290: 00000001 00000000 00000000 0002 03    70
0xb2e23010: 00000001 00000000 00000000 0005 03   682
0xb0560790: 00000001 00000000 00000000 0002 03    46
0xb0663790: 00000001 00000000 00000000 0002 03    64
0xb1277790: 00000001 00000000 00000000 0005 03   182
0xb00d5c90: 00000001 00000000 00000000 0005 03   927
0xb0c59790: 00000002 00000000 00010000 0001 01   1070xb2421290: 00000001 00000000 00000000 0005 03    85 @jdwp-control
0xb09f4a10: 00000001 00000000 00000000 0001 03    81
0xb1336790: 00000002 00000000 00010000 0001 01   2150xb1c89c90: 00000001 00000000 00000000 0002 03   417
0xb2e23510: 00000002 00000000 00000000 0001 03   623
0xb2421790: 00000001 00000000 00000000 0005 03   675
0xb0885010: 00000001 00000000 00000000 0002 03    60
0xb1277c90: 00000001 00000000 00000000 0005 03   183
0xb2e23a10: 00000001 00000000 00000000 0005 03   664
0xb2421c90: 00000001 00000000 00000000 0001 03   424 @bin.mt.plus-425868
0xb235ea10: 00000001 00000000 00000000 0005 03   603
0xb089d790: 00000001 00000000 00000000 0002 03    65
0xb1c39c90: 00000001 00000000 00000000 0002 03   377
0xb1ab7510: 00000001 00000000 00000000 0005 03   310
0xb1d1f010: 00000001 00000000 00000000 0002 03   403
0xb048ec90: 00000001 00000000 00000000 0002 03    43
0xb1a58010: 00000002 00000000 00000000 0001 03   297
0xb1072010: 00000001 00000000 00000000 0005 03   177
0xb1ba1290: 00000001 00000000 00000000 0002 03   528
0xb2eec510: 00000001 00000000 00000000 0005 03   678
0xb279d290: 00000001 00000000 00000000 0005 03   900
0xb1288290: 00000001 00000000 00000000 0005 03   186
0xb1218c90: 00000001 00000000 00000000 0005 03    740xb262cc90: 00000001 00000000 00000000 0005 03   670
0xb1288790: 00000001 00000000 00000000 0005 03   187
0xb048e790: 00000001 00000000 00010000 0001 01    350xb1ae8010: 00000001 00000000 00000000 0005 03   319
0xb191a010: 00000001 00000000 00000000 0005 03   680
0xb0d1e010: 00000001 00000000 00000000 0002 03   106
0xb0de6c90: 00000001 00000000 00010000 0005 01   1170xb1093a10: 00000001 00000000 00000000 0002 03   174
0xb1f44790: 00000001 00000000 00000000 0005 03   426
0xb0f14290: 00000001 00000000 00000000 0005 03   176
0xb1221010: 00000001 00000000 00000000 0002 03   179
0xb1259790: 00000001 00000000 00000000 0001 03   181
0xb1c7f510: 00000001 00000000 00000000 0005 03   393
0xb2dd6c90: 00000001 00000000 00000000 0005 03   612
0xb0f64290: 00000001 00000000 00000000 0005 03   902
0xb356e290: 00000001 00000000 00000000 0005 03   978
0xb12b9290: 00000002 00000000 00000000 0001 03   192
0xb19b2290: 00000001 00000000 00000000 0005 03   282
0xb1cb7290: 00000001 00000000 00000000 0005 03   393
0xb2dd6790: 00000001 00000000 00000000 0005 03   601
0xb1289290: 00000001 00000000 00000000 0005 03   185
0xb1c7fa10: 00000001 00000000 00000000 0005 03   396
0xb2ebd510: 00000001 00000000 00000000 0005 03   672
0xb06cd290: 00000001 00000000 00000000 0002 03    56
0xb163e290: 00000001 00000000 00000000 0005 03   605
0xb0a4a510: 00000001 00000000 00000000 0005 03    80
0xb1b73790: 00000001 00000000 00000000 0005 03   392
0xb2fbfa10: 00000001 00000000 00000000 0005 03   681
0xb0a4a010: 00000001 00000000 00000000 0005 03    79
0xb2f47290: 00000001 00000000 00000000 0005 03   901
0xb02f2a10: 00000002 00000000 00000000 0005 03     3
0xb05c5a10: 00000001 00000000 00000000 0002 03    54
0xb16aec90: 00000001 00000000 00000000 0002 03   238
0xb0888010: 00000001 00000000 00000000 0002 03    63
0xb2ed6790: 00000002 00000000 00000000 0005 03   665
0xb05c5510: 00000002 00000000 00010000 0001 01    320xb2fbf010: 00000001 00000000 00000000 0002 03   979
0xb02f2510: 00000001 00000000 00010000 0001 01     20xb05b5010: 00000001 00000000 00000000 0001 03    44
0xb3080010: 00000001 00000000 00000000 0005 03   908
0xb05c5010: 00000002 00000000 00010000 0001 01    310xb2cfc010: 00000001 00000000 00000000 0005 03   881
0xb1908010: 00000001 00000000 00000000 0001 03   258
0xb1908510: 00000001 00000000 00000000 0002 03   260
0xb1a7b010: 00000002 00000000 00000000 0005 03   298
0xb035a290: 00000001 00000000 00000000 0002 03    13
0xb2405510: 00000001 00000000 00000000 0005 03   544
0xb13ba290: 00000001 00000000 00000000 0002 03   210
0xb03f2510: 00000002 00000000 00010000 0005 01     60xb0e87290: 00000001 00000000 00000000 0001 03   160
0xb2da4290: 00000001 00000000 00000000 0005 03   976
0xb049d290: 00000001 00000000 00000000 0002 03    21
0xb1a7ba10: 00000001 00000000 00000000 0005 03   418
0xb1aa3790: 00000001 00000000 00010000 0001 01   424 @bin.mt.plus-425868
0xb1089790: 00000002 00000000 00000000 0001 03   169
0xb0afb010: 00000001 00000000 00000000 0002 03    90
0xb22d3010: 00000001 00000000 00000000 0002 03   525
0xb191f010: 00000002 00000000 00000000 0001 03   297
0xb195f510: 00000001 00000000 00000000 0005 03   271
0xb0482a10: 00000002 00000000 00010000 0001 01    290xb0759790: 00000001 00000000 00000000 0002 03    58
0xb0907290: 00000001 00000000 00000000 0002 03    67
0xb1335010: 00000001 00000000 00000000 0005 03   195
0xb1ae4c90: 00000001 00000000 00000000 0005 03   327
0xb0e48010: 00000001 00000000 00000000 0002 03   120
0xb2ddba10: 00000001 00000000 00000000 0001 03    28 @xxyfjnhwxhoaoa
0xb2f01790: 00000001 00000000 00000000 0002 03   694
0xb2fe9a10: 00000002 00000000 00000000 0001 03  1059
0xb1ae4790: 00000001 00000000 00000000 0005 03   321
0xb21e7510: 00000002 00000000 00000000 0001 03  1057
0xb0886290: 00000001 00000000 00000000 0002 03    62
0xb128c290: 00000001 00000000 00000000 0005 03   188
0xb0482510: 00000002 00000000 00010000 0001 01    28 @xxyfjnhwxhoaoa
0xb1ae4290: 00000001 00000000 00000000 0005 03   320
0xb195fa10: 00000001 00000000 00000000 0005 03   272
0xb1ad5c90: 00000001 00000000 00000000 0005 03   327
0xb0936290: 00000001 00000000 00000000 0002 03    69
0xb1b74790: 00000001 00000000 00000000 0005 03   347
0xb2c0b010: 00000001 00000000 00000000 0002 03   972
0xb0730010: 00000001 00000000 00000000 0002 03    45
0xb192e010: 00000001 00000000 00000000 0002 03   266
0xb1996c90: 00000001 00000000 00000000 0005 03   281
0xb27c0a10: 00000001 00000000 00000000 0002 03   975
0xb2ddaa10: 00000002 00000000 00000000 0001 03   606
0xb0b64c90: 00000001 00000000 00000000 0002 03    93
0xb1a95290: 00000002 00000000 00000000 0001 03   308
0xb0a1da10: 00000001 00000000 00000000 0002 03   109
0xb0a05c90: 00000001 00000000 00000000 0001 03    86
0xb0d9a510: 00000001 00000000 00000000 0002 03   113
0xb1b37290: 00000001 00000000 00000000 0005 03   977
0xb3236010: 00000001 00000000 00000000 0005 03   978
0xb084c510: 00000001 00000000 00000000 0002 03    59
0xb1ca8a10: 00000001 00000000 00000000 0005 03   908
0xb2337010: 00000002 00000000 00000000 0001 03  1057
0xb1266510: 00000001 00000000 00000000 0001 03   180
0xb189ca10: 00000001 00000000 00000000 0005 03   603
0xb0397a10: 00000001 00000000 00000000 0002 03     8
0xb1a96c90: 00000001 00000000 00000000 0005 03   307
0xb0a06790: 00000001 00000000 00000000 0002 03    77
0xb0397010: 00000001 00000000 00000000 0002 03    12
0xb1874c90: 00000002 00000000 00000000 0001 03   290
0xb1a96290: 00000002 00000000 00000000 0005 03   309
0xb10e4510: 00000001 00000000 00000000 0005 03   982
0xb0a06c90: 00000001 00000000 00000000 0005 03    79
0xb24b0510: 00000002 00000000 00000000 0005 03   981
0xb00e4010: 00000001 00000000 00000000 0005 03   926
0xb1a96790: 00000002 00000000 00000000 0001 03   305
0xb2e43790: 00000001 00000000 00000000 0005 03   672
0xb2e3b010: 00000001 00000000 00000000 0005 03   681
0xb3075510: 00000001 00000000 00000000 0002 03   934
0xb2e23290: 00000001 00000000 00000000 0005 03   678
0xb0560510: 00000001 00000000 00000000 0002 03    41
0xb09f4c90: 00000002 00000000 00000000 0001 03    81
0xb0b16290: 00000001 00000000 00000000 0002 03    95
0xb198ca10: 00000002 00000000 00000000 0005 03   309
0xb2e43290: 00000001 00000000 00000000 0005 03   680
0xb274a290: 00000001 00000000 00000000 0005 03   929
0xb1825790: 00000001 00000000 00000000 0005 03   980
0xb2421510: 00000001 00000000 00000000 0005 03   977
0xb1075010: 00000001 00000000 00000000 0005 03   177
0xb1336a10: 00000001 00000000 00000000 0001 03   222
0xb0c99010: 00000002 00000000 00000000 0002 01    940xb198c010: 00000001 00000000 00000000 0005 03   275
0xb34c1510: 00000001 00000000 00000000 0005 03   929
0xb1277a10: 00000001 00000000 00000000 0005 03   182
0xb1c89510: 00000001 00000000 00000000 0002 03   408
0xb1ab7790: 00000001 00000000 00000000 0005 03   310
0xb233ec90: 00000001 00000000 00000000 0002 03   543
0xb0f4aa10: 00000001 00000000 00000000 0002 03   162
